Map Name
5
1399506525

Game Endings
Game 1: Cat ate mouse
Game 2: Cat ate mouse
Game 3: Cat ate mouse
Game 4: Cat ate mouse
Game 5: Cat ate mouse


Frequency Map
 ----------------------------------------
 | 0 | 0 | 0 | 0 | 0 | 0 | 0 | 0 | 0 | 0 | 
 | 0 | 0 | 0 | 0 | 0 | 0 | 0 | 0 | 0 | 0 | 
 | 0 | 0 | 0 | 0 | 0 | 0 | 0 | 0 | 0 | 0 | 
 | 0 | 0 | 0 | 0 | 0 | 0 | 0 | 0 | 0 | 0 | 
 | 0 | 0 | 0 | 0 | 0 | 0 | 0 | 0 | 0 | 0 | 
 | 0 | 0 | 0 | 0 | 0 | 0 | 0 | 0 | 1 | 0 | 
 | 0 | 0 | 0 | 0 | 0 | 0 | 0 | 1 | 3 | 0 | 
 | 0 | 0 | 0 | 0 | 2 | 2 | 1 | 3 | 5 | 3 | 
 | 1 | 2 | 0 | 0 | 2 | 2 | 1 | 1 | 1 | 3 | 
 | 2 | 4 | 1 | 1 | 1 | 2 | 0 | 2 | 3 | 0 | 
 | 1 | 1 | 0 | 0 | 0 | 3 | 1 | 2 | 3 | 0 | 
 ----------------------------------------
